[1,["4arFRWrT5Ca7s8Cndz3qND","ecXd3XuVlK/Z3w/dV5K6SB","eejng2pYRCfZKJERid71jJ","6fJZy0x41LzrwW/wbFTNfV","d2y+2ijyVFCKfQrwftTzl3","0fCr5XhOdF1Lm5Hs4dFY89","b5rMZLVlRG84umS6oD/0/C","b10JXIdzNHZpTXHMTMAiyN@f9941","9cr0ExfuZJCIDZewdugPVg@6c48a","a7YStUNeNCOKGpSntUY1g5","baIUdvKGZPgZxNbjWTFuRI","95o+Mu/ddFfK+mVoNPkxW3","b6wu+9B8BNBK3dBerlnNF+@08c68","f9b6oz1zJCl7FmsJwb/TLm","48shXWe+5NpIDF32/I1kzW","e3rk/gI+NEBJmhZ39bBql4","4fLWBS8L1GdZyAavZsnnIQ@f9941","9dQ+BejDRH/6EiXptFZWKf","8dbJAGPJ1FLbk9kV0eefLF","f1KiPEuSRDIqJgPZgkKPHo@f9941","d1NGQ2rJZCcbhjH0/erZWw","03fbRQH+hIfrWHv1o37KPX","ad6KFa3MpLPITG9kdqyHW7","b10JXIdzNHZpTXHMTMAiyN@6c48a","3f5L5fqEdGNZrxzrNCKJ4V","eeJNHi1nJFzbxq0y8G8V1S@6c48a","a5jIa8PURP1K12I2dNnMrh","f1JMYC8VhP14fysi7eL8nD","d42FOXl8dP3YGAtTb2h/tu","cczIbW0DtP7Z3VUUkvzOyJ@6c48a","0asESNerBM4rpmWSyBu9hT","77f9bm3IhGGooRV0ZfB46d","30glSBhBBAXozeI44EBbi/","69/FPL5ElN/ozqvPjurtxj","c8vUzntX5JKbZA2/YNBNxM@f9941","e1F675bYBMz6QWmGA+uAlu","0aZhmcABpBZbxiDpF2ZCNB","a3zQCfCrBCDZJ4uf2rk5u8","18IVT2P6lE8rY2YFUfNDIF@6c48a","02D3wLKRBKp6mo+FLXxDpj@1a12b","25TZsOundGiKnwSsMtlolY@6c48a","4ctoziWNJHEazSgqfGrRaP@6c48a","25peA/Xg5NDpn1J5PWMseA","12Y9dMgWdJKJGmTiZyQR9H@a804a","caCFqpqHpLbJd8zs+VV+Hi","c0ht5atJtC7YXGBYEUN97/","98j6Lk+uVGC62CBw00StKT","b3F3oSutZLgZ6LyFyPX/bB","c3JrXSn5ZJ+4qwEE0s+v97","d0MqyYBeFAkIi762QNy1/B@b47c0","6fAc9/gb9Kfr1dCvwZaWSA@b47c0","b4EmcrdO5K07oo2bsdf8Ek@aeaac","d3cT2Q875L75Ef+fo5CmmG","4fLWBS8L1GdZyAavZsnnIQ@6c48a","37NvGgZUdE/L2sysVEZ3+S@6c48a","cbx36HcgJE6plSHlFvp7dT@53dde","c9t/I10JlHKa4pgrw1xluz","99sP9O/pZDCI97Q9LH/zt4","91zTHw+fdCbIKHfEG1x1xo","23VpBDbTJIB51PbHNRKT6a@5fd65","23VpBDbTJIB51PbHNRKT6a@953bc","23VpBDbTJIB51PbHNRKT6a@788c3","18IVT2P6lE8rY2YFUfNDIF@f9941","c3Fq1KzexMVIKlr9Mh95n5@f9941","3afAPzdPdL/ZfZ4L7na7h6","88ghWF+S9ML6nlX/5bw091@2feb1","6cZAQWbElIbJ27fQOsEF8I@2e991","5avzDhBO5IUIfRMhSwqK5m","23VpBDbTJIB51PbHNRKT6a@e1cf9","23VpBDbTJIB51PbHNRKT6a@438fe","d2PxirSQtOQrFLOKpsvLCQ@f9941","a0H9QZkxRLFpy3qt18DliF","82hnuCd1dJy6AV6BTq3VPp","6e8d7+eZdHeps1wYhZ/4Bm","c0PeLj/QlI+ayfZEN5lGH7","f7YHDNUlpBI5rCPcSeSHOH","4a0dAJAGhHEpLwEMc8KZZg","81euasNSNCX5KAT/ggGQNe","dbvx/R4JhCvrTATZfU1/cC","16MaGrys5MmJ/z12IGdGN0","7ci47eJRZMfbFo8BYou/3y","71nHr7kxNEzLnpwGlGxFmz","10QDvjWWVBv507VYvVlbvf","11NCd6ophPG4/+duiAOro9","f8MKXGJzRNTqvhR6aIcekW@41ac8","c6W7WWrjJIQKhdBLdrTlKC@c6e33","c8+AlGijBMdqJI+DDfxHGo@73684","c3Fq1KzexMVIKlr9Mh95n5@6c48a","c6shYGjBtApbrIjen5WB7c","1dQpsdyOtKgKJ2WegTMzTO","27aaWP2gpCZr8HyuGJ9CZH","eaIBEDoE9Bpaz25RdH+dQv","47W86+S+5JMKmwYjak/2aB","66ZNbosx9C+ab9uQ0BFU3B","a5FjaGAGVBFqlPxLigV0Ng@5a9d9","c8vUzntX5JKbZA2/YNBNxM@6c48a","df3wCZOd9I/rqM7Gewp+GB","d2PxirSQtOQrFLOKpsvLCQ@6c48a","85RZAEDWdFz6HO3dfbPGe9","25TZsOundGiKnwSsMtlolY@f9941","ab0qYKXB9Lu5LSxqgnSjP8@45f73","403qqSDj5IMp5Z5/Xs6neJ@fd4a2","7dJNPQJuJBXYcqwtd0IHJf@97b51","f1KiPEuSRDIqJgPZgkKPHo@6c48a"],["root","node","asset","targetInfo","data","_mesh","_spriteFrame","_parent","value","_effectAsset","target","_defaultClip","_material","emissiveMap","_textureSource","source","_font","mainTexture","to","from","prefab","icon","collider","label","clip","defaultMeshRenderer","damageAnimation","uiAnchor","damageAudioClip","_particleSystem","_cpuMaterial","_mainTexture","destroyedMeshRenderer","_normalSprite","resourceUnit","canvas","cameraMovement","camera","audioContainer","updateManager","scene","_cameraComponent","playerAvatarPrefab","referencesContainerPrefab","dataContainerPrefab","_envmapHDR","_envmapLDR","followersContainer","_anyState","_exitState","_entryState","rigidbody","_skeleton","graph","_target","resourceCounterPrefab","uiBarPrefab","uiDamageBlockedPrefab","resourcesPopup","upgradePopup","gameplayWindowPrefab","victoryWindowPrefab","flashMaterial","damageVFX","soundResourceAdd","soundResourceRemove","soundUpgrade","soundVictory","joystickStick","joystickBase","MRAIDButton","_barSprite"],[["cc.Node",["_name","_layer","_objFlags","__editorExtras__","_id","_prefab","_parent","_components","_lpos","_children","_lrot","_euler","_lscale"],-2,4,1,9,5,2,5,5,5],["cc.Node",["_name","_objFlags","_id","_components","_prefab","_parent","_children","_lpos","_lrot","_euler","_lscale"],0,2,4,1,2,5,5,5,5],"cc.ImageAsset",["cc.Sprite",["_sizeMode","_type","_enabled","node","__prefab","_spriteFrame","_color"],0,1,4,6,5],"cc.SpriteFrame",["cc.Node",["_name","_layer","_id","_components","_parent","_prefab","_children","_lpos"],0,12,1,4,2,5],["cc.Widget",["_alignFlags","_top","_bottom","_right","_left","_originalWidth","_originalHeight","_alignMode","node","__prefab"],-5,1,4],["cc.MeshRenderer",["_shadowCastingMode","_name","_shadowBias","_shadowNormalBias","node","__prefab","_materials","lightmapSettings","_mesh"],-1,1,4,3,4,6],["cc.UITransform",["_name","node","__prefab","_contentSize","_anchorPoint"],2,1,4,5,5],["cc.Label",["_string","_actualFontSize","_fontSize","_isSystemFontUsed","_lineHeight","_enableWrapText","_fontFamily","_cacheMode","_overflow","node","__prefab","_font","_color"],-6,1,4,6,5],["cc.RealKeyframeValue",["interpolationMode","value","rightTangentWeight","leftTangentWeight","rightTangent","leftTangent"],-3],["cc.CurveRange",["mode","constant","constantMax","spline"],0,4],["cc.Animation",["playOnLoad","_enabled","node","__prefab","_clips","_defaultClip"],1,1,4,3,6],["e2d1aJCdTxP57qBRX5ymvrL",["resourceType","maxResources","level","givesResources","node","__prefab","uiAnchor","collider","damageAnimation","defaultMeshRenderer","damageAudioClip","destroyedMeshRenderer"],-1,1,4,1,1,1,1,6,1],["cc.CapsuleCollider",["_radius","_cylinderHeight","_direction","node","__prefab","_center","_material"],0,1,4,5,6],["cc.GradientRange",["_mode","gradient","color"],2,4,5],"cc.TextureCube",["cc.Node",["_name","_children","_prefab","_lpos","_lrot","_euler","_parent"],2,9,4,5,5,5,1],["cc.BoxCollider",["_isTrigger","_enabled","node","__prefab","_material"],1,1,4,6],["cc.PrefabInfo",["fileId","root","asset","targetOverrides","nestedPrefabInstanceRoots"],2,1,1,9,2],["cc.PrefabInfo",["fileId","root","instance","asset","targetOverrides"],2,1,4,6,9],["cc.PrefabInfo",["fileId","targetOverrides","root","instance","asset"],1,1,4,6],["cc.Material",["_name","_props","_states","_defines","_techIdx"],-2],["cc.TargetOverrideInfo",["propertyPath","target","targetInfo","source"],2,1,4,1],["cc.LabelOutline",["_width","node","__prefab"],2,1,4],["cc.Camera",["_far","_visibility","_fov","_projection","_priority","_orthoHeight","_clearFlags","node","_color"],-4,1,5],["cc.animation.UnaryCondition",["operator","operand"],2,4],["cc.animation.Motion",["name","speed","motion"],1,4],["cc.SphereCollider",["_isTrigger","_radius","node","__prefab","_material","_center"],1,1,4,6,5],["cc.RigidBody",["_type","_mass","_linearDamping","_angularDamping","_useGravity","node","__prefab"],-2,1,4],["cc.Button",["_transition","node","__prefab","_normalColor","_hoverColor","_pressedColor","_disabledColor","_target","_normalSprite"],2,1,4,5,5,5,5,1,6],["cc.ParticleSystem",["duration","loop","playOnAwake","_capacity","startRotation3D","node","__prefab","_materials","startColor","startSizeX","startSizeY","startSizeZ","startSpeed","startRotationX","startRotationY","startRotationZ","startDelay","startLifetime","gravityModifier","rateOverTime","rateOverDistance","bursts","_colorOverLifetimeModule","_shapeModule","_sizeOvertimeModule","_velocityOvertimeModule","_forceOvertimeModule","_limitVelocityOvertimeModule","_rotationOvertimeModule","_textureAnimationModule","_noiseModule","_trailModule","renderer"],-2,1,4,3,4,4,4,4,4,4,4,4,4,4,4,4,4,9,4,4,4,4,4,4,4,4,4,4,4],["cc.Burst",["_repeatCount","repeatInterval","count"],1,4],["cc.ColorKey",["color"],3,5],["cc.AlphaKey",["alpha","time"],1],["cc.ShapeModule",["_enable","_shapeType","randomDirectionAmount","radius","radiusThickness","length","_angle","arcSpeed","_scale"],-4,4,5],["cc.SizeOvertimeModule",["_enable","size","x","y","z"],2,4,4,4,4],["cc.ParticleSystemRenderer",["_renderMode","_cpuMaterial","_mainTexture"],2,6,6],["WeaponData",["damage","level","prefab"],1,6],["cc.Mesh",["_native","_hash","_struct"],1,11],["cc.Prefab",["_name"],2],["cc.Node",["_name","_children","_prefab","_lpos","_lrot","_euler"],2,12,4,5,5,5],["876e6QoVW1ELa1sw0UvmL9C",["node","__prefab"],3,1,4],["cc.CompPrefabInfo",["fileId"],2],["cc.PrefabInfo",["fileId","targetOverrides","root","asset","nestedPrefabInstanceRoots"],1,1,1,2],["cc.Material",["_name","_states","_defines","_props"],0,12],["cc.AudioClip",["_name","_native","_duration"],0],["cc.ModelLightmapSettings",[],3],["add0eC3FoJIB52zjQclPnGr",["node","__prefab"],3,1,4],["cc.Skeleton",["_name","_hash","_joints","_bindposes"],0,12],["cc.TargetInfo",["localID"],2],["cc.PrefabInstance",["fileId","prefabRootNode","propertyOverrides"],2,1,9],["CCPropertyOverrideInfo",["value","propertyPath","targetInfo"],1,1],["CCPropertyOverrideInfo",["propertyPath","targetInfo","value"],2,1,8],["CCPropertyOverrideInfo",["propertyPath","targetInfo","value"],2,4,8],["CCPropertyOverrideInfo",["value","propertyPath","targetInfo"],1,4],["CCPropertyOverrideInfo",["propertyPath","targetInfo","value"],2,4,6],["685b43TXBBBObOzVqROVZeH",["node","__prefab"],3,1,4],["cc.SceneAsset",["_name"],2],["cc.Scene",["_name","_children","_prefab","_globals"],2,2,4,4],["cc.SceneGlobals",["ambient","shadows","_skybox","fog","octree"],3,4,4,4,4,4],["cc.AmbientInfo",["_skyIllumLDR","_skyColorHDR","_groundAlbedoHDR","_skyColorLDR","_groundAlbedoLDR"],2,5,5,5,5],["cc.ShadowsInfo",["_enabled","_normal","_shadowColor"],2,5,5],["cc.SkyboxInfo",["_envmapHDR","_envmapLDR"],3,6,6],["cc.FogInfo",[],3],["cc.OctreeInfo",[],3],["1b4ba5Jf89MPoJKh8May7Km",["node","updateManager","levelParent","audioContainer","camera","cameraMovement","canvas","playerAvatarPrefab","referencesContainerPrefab","dataContainerPrefab"],3,1,1,1,1,1,1,1,6,6,6],["14d90dfdVNHY6xjinoJurLF",["node"],3,1],["c511bRQ2rlIVoz0wEEQxMpw",["node","target"],3,1,1],["cc.Canvas",["node"],3,1],["cc.DirectionalLight",["_colorTemperature","node","_staticSettings"],2,1,4],["cc.StaticLightSettings",["_castShadow"],2],["cc.EffectAsset",["_name","shaders","techniques"],0],["4ce21atDDRGqLLfakjv9MYd",["node","__prefab","icon","label"],3,1,4,1,1],["cc.Layout",["_resizeMode","_layoutType","_spacingY","_isAlign","node","__prefab"],-1,1,4],["c46e7QsmfVBTa9mj3/KWIMu",["node","__prefab","resourceContainer","tutorial"],3,1,4,1,1],["cc.animation.AnimationGraph",["_layers","_variables"],3,9,11],["cc.animation.Layer",["_stateMachine"],3,4],["cc.animation.StateMachine",["_states","_transitions","_entryState","_exitState","_anyState"],3,2,9,1,1,1],["cc.animation.AnimationTransition",["duration","exitConditionEnabled","from","to","conditions"],1,1,1,9],["cc.animation.BindableBoolean",["variable"],2],["cc.animation.Transition",["from","to"],3,1,1],["cc.animation.PlainVariable",["_type","_value"],1],["cc.animation.ClipMotion",["clip"],3,6],["cc.animation.State",["name"],2],["cc.SpriteRenderer",["node","__prefab","_materials","_spriteFrame"],3,1,4,3,6],["cc.SkinnedMeshRenderer",["_shadowCastingMode","node","__prefab","_materials","lightmapSettings","_skinningRoot","_mesh","_skeleton"],2,1,4,3,4,1,6,6],["cc.animation.AnimationController",["node","__prefab"],3,1,4],["c16d7m+AfNLJ4kiTfMQOTEK",["node","__prefab"],3,1,4],["36a38vcnqRP76FIDLXDhkNy",["node","__prefab"],3,1,4],["146ddQgz+RNCbShKTgQ0vvn",["node","__prefab"],3,1,4],["67819aRm3NBHa2yQbaezqAJ",["node","__prefab","uiAnchor","damageableDetector","animator","animationEventListener","weaponContainer","directionHint","backpackNode"],3,1,4,1,1,1,1,1,1,1],["cc.CylinderCollider",["_radius","node","__prefab","_center"],2,1,4,5],["cc.ParticleSystem",["duration","loop","playOnAwake","_capacity","node","__prefab","_materials","startColor","startSizeX","startSizeY","startSizeZ","startSpeed","startRotationX","startRotationY","startRotationZ","startDelay","startLifetime","gravityModifier","rateOverTime","rateOverDistance","bursts","_colorOverLifetimeModule","_shapeModule","_sizeOvertimeModule","_velocityOvertimeModule","_forceOvertimeModule","_limitVelocityOvertimeModule","_rotationOvertimeModule","_textureAnimationModule","_noiseModule","_trailModule","renderer"],-1,1,4,12,4,4,4,4,4,4,4,4,4,4,4,4,4,9,4,4,4,4,4,4,4,4,4,4,4],["cc.ColorOvertimeModule",["_enable","color"],2,4],["cc.Gradient",["colorKeys","alphaKeys"],3,9,9],["cc.RealCurve",["_times","_values"],2,9],["cc.VelocityOvertimeModule",["x","y","z","speedModifier"],3,4,4,4,4],["cc.ForceOvertimeModule",["x","y","z"],3,4,4,4],["cc.LimitVelocityOvertimeModule",["dampen","limitX","limitY","limitZ","limit"],2,4,4,4,4],["cc.RotationOvertimeModule",["x","y","z"],3,4,4,4],["cc.TextureAnimationModule",["frameOverTime","startFrame"],3,4,4],["cc.NoiseModule",[],3],["cc.TrailModule",["lifeTime","widthRatio","colorOverTrail","colorOvertime","_particleSystem"],3,4,4,4,4,1],["c72f2HwWA5KM5JgnsYMDbG7",["node","__prefab","uiReferences","prepoolingData","flashMaterial","damageVFX","soundResourceAdd","soundResourceRemove","soundUpgrade","soundVictory"],3,1,4,4,9,6,6,6,6,6,6],["UIReferences",["resourceCounterPrefab","uiBarPrefab","uiDamageBlockedPrefab","resourcesPopup","upgradePopup","gameplayWindowPrefab","victoryWindowPrefab"],3,6,6,6,6,6,6,6],["PrepoolingData",["amount","prefab"],2,6],["0581aTi/nBL8aloHeKK45+F",["downloadGameURL","maxAudioSources","audioVolume","node","__prefab","playerMovementData","resourceCollection","levelCollection","upgradeCollection","weaponCollection"],0,1,4,4,4,4,4,4],["PlayerMovementData",["movementSpeed","rotationSpeed"],1],["ResourceCollection",["resourceDataArray"],3,9],["ResourceData",["resourceType","icon","resourceUnit"],2,6,6],["LevelCollection",["levels"],3,3],["UpgradeCollection",["upgradeDataArray"],3,9],["UpgradeData",["resourceType","resourceAmount"],1],["WeaponCollection",["weaponDataArray"],3,9],["d9211qu1Y1OboQaTNo6TnuY",["maxStickDistance","node","__prefab","joystickBase","joystickStick"],2,1,4,1,1],["20e43NFAqdMc6P17gszJtHQ",["node","__prefab","resourceContainerNodeWood","resourceContainerNodeMetal"],3,1,4,1,1],["e1e728qfHFEo7dIjESQCfea",["node","__prefab","MRAIDButton"],3,1,4,1],["cc.ProgressBar",["_totalLength","_progress","node","__prefab","_barSprite"],1,1,4,1],["cc.TTFFont",["_name","_native"],1]],[[53,0,1,2,2],[50,0,2],[43,0,2],[0,2,3,6,5,3],[51,0,1,2,2],[19,0,1,2,2],[54,0,1,2,2],[20,0,1,2,3,2],[52,0,1,2,3],[11,1],[8,1,2,3,1],[40,0,2],[55,0,1,2,3],[47,1],[21,0,1,2,3,4,3],[11,1,2],[56,0,1,2,2],[39,0,1,2,3],[11,0,3,2],[96,0,1,2],[45,0,1,2,3,4],[10,0,1,3],[0,0,1,6,7,5,3],[0,0,6,9,5,8,10,11,2],[0,0,6,5,8,2],[10,0,1,2,3,5],[15,1],[5,0,1,4,3,5,7,3],[7,4,5,6,7,8,1],[23,0,3,1,2,2],[3,1,0,3,4,6,5,3],[34,0,1,3],[0,0,7,5,8,2],[0,0,1,9,7,5,8,3],[0,0,1,6,7,5,8,3],[0,0,6,5,8,10,11,2],[46,0,1,2,4],[12,0,2,3,4,5,2],[10,0,4,2,5,3,6],[0,0,6,9,5,2],[24,1,2,1],[79,0,1,2,3,4,3],[80,0,2],[0,0,9,5,2],[0,0,6,7,5,8,12,2],[0,0,7,5,2],[19,0,1,2,3,4,2],[7,0,4,5,6,7,8,2],[7,0,4,5,6,7,2],[3,0,3,4,2],[0,0,1,6,9,7,5,3],[0,0,6,7,5,8,10,11,2],[0,0,6,9,7,5,8,12,2],[5,0,6,3,5,7,2],[17,0,6,1,2,3,4,5,2],[44,0,1,2,3,4,3],[7,1,0,4,5,6,7,8,3],[23,0,1,2,2],[12,2,3,4,1],[3,0,3,4,5,2],[6,0,5,6,8,9,4],[73,0,1,2,3,1],[26,1,1],[83,0,1],[84,0,2],[85,0,1,2,3,1],[15,0,1,2],[94,0,1,2],[95,0,1,1],[34,0,2],[10,0,1,4,5,5],[10,0,2,3,4],[97,0,1,2,3,1],[98,0,1,2,1],[99,0,1,2,3,4,2],[100,0,1,2,1],[101,0,1,1],[102,1],[103,0,1,2,3,4,1],[106,0,1,2],[0,0,9,5,8,10,11,2],[0,0,1,9,7,5,3],[1,0,1,6,3,4,3],[1,0,5,3,4,2],[1,0,5,3,4,10,2],[7,1,4,5,6,7,8,2],[48,0,1,1],[8,0,1,2,3,2],[8,1,2,1],[8,1,2,3,4,1],[3,3,4,1],[3,2,1,0,3,4,6,5,4],[9,0,1,2,8,3,9,10,6],[9,0,1,2,4,5,3,9,10,11,7],[72,0,1,2,4],[26,0,1,2],[82,0,1,3],[27,0,2,2],[32,2,1],[33,0,1],[35,0,1,2,3,4,7,6],[36,1,2,3,4,1],[37,1,2,1],[110,0,1,2,2],[113,0,1,3],[38,0,1,2,3],[0,0,7,5,8,12,2],[0,0,6,9,10,11,2],[0,0,4,6,7,8,10,11,3],[0,0,1,6,7,5,8,10,11,3],[0,0,6,7,5,8,10,12,11,2],[0,0,6,9,5,12,2],[0,0,6,9,5,10,11,2],[0,0,6,5,2],[0,0,2,1,9,7,5,4],[0,0,7,5,12,2],[1,0,2,5,6,3,7,3],[1,0,3,7,8,9,2],[1,0,5,3,7,2],[1,0,1,5,3,4,3],[1,0,6,3,4,2],[1,0,5,6,3,4,2],[1,0,6,3,4,7,8,9,2],[1,0,3,4,7,8,9,2],[1,0,5,3,4,8,9,2],[1,0,6,3,4,7,2],[5,0,2,4,3,3],[5,0,1,2,4,6,3,7,4],[5,0,1,6,3,5,3],[5,0,4,3,5,2],[5,0,1,4,6,3,5,7,3],[17,0,1,2,3,4,5,2],[41,0,1,2,3,4,5,2],[42,0,1,1],[18,0,2,3,4,2],[18,1,2,3,4,2],[20,0,1,2,4,3,2],[21,0,1,3],[22,0,4,1,2,3,6],[22,0,1,2,3,5],[7,0,2,3,4,5,6,7,4],[49,0,1,2,3,4],[57,0,1,1],[8,1,1],[8,1,3,1],[12,1,2,3,4,5,2],[3,0,3,4,6,5,2],[3,3,4,5,1],[3,1,0,3,4,5,3],[3,1,0,3,4,6,3],[9,0,1,2,3,9,10,12,11,5],[9,0,1,2,6,3,7,9,10,11,7],[9,0,1,2,4,5,3,9,10,7],[24,0,1,2,2],[58,0,2],[59,0,1,2,3,2],[60,0,1,2,3,4,1],[61,0,1,2,3,4,2],[62,0,1,2,2],[63,0,1,1],[64,1],[65,1],[66,0,1,2,3,4,5,6,7,8,9,1],[6,0,4,3,1,2,8,6],[6,0,3,1,8,9,4],[6,0,2,8,9,3],[6,0,3,1,2,7,8,9,6],[6,0,1,2,8,9,4],[6,0,1,8,9,3],[67,0,1],[25,2,0,1,4],[25,3,4,5,0,6,1,7,8,7],[68,0,1,1],[69,0,1],[70,0,1,2,2],[71,0,2],[74,0,1,2,3,4,5,5],[75,0,1,2,3,1],[76,0,1,1],[77,0,1],[78,0,1,2,3,4,1],[81,0,1,1],[27,0,1,2,3],[13,0,1,2,4,5,6,7,8,9,11,10,4],[13,0,1,4,5,6,7,8,9,11,10,3],[13,0,3,2,4,5,6,7,8,9,10,4],[14,3,4,5,1],[14,0,1,2,3,4,5,4],[14,0,1,2,3,4,5,6,4],[28,0,1,2,3,4,3],[28,2,3,5,1],[29,0,5,6,2],[29,1,2,3,4,5,6,5],[86,0,1,2,3,4,5,6,7,2],[87,0,1,1],[88,0,1,1],[89,0,1,1],[90,0,1,1],[91,0,1,2,3,4,5,6,7,8,1],[92,0,1,2,3,2],[30,0,1,2,3,4,5,6,7,8,2],[30,0,1,2,3,4,5,6,7,2],[31,0,1,2,3,5,6,7,8,9,10,11,12,13,14,15,16,17,18,19,20,21,22,23,24,25,26,27,28,29,30,31,32,5],[31,4,0,1,2,3,5,6,7,8,9,10,11,12,13,14,15,16,17,18,19,20,21,22,23,24,25,26,27,28,29,30,31,32,6],[93,0,1,2,3,4,5,6,7,8,9,10,11,12,13,14,15,16,17,18,19,20,21,22,23,24,25,26,27,28,29,30,31,5],[15,2,1],[11,0,2,3],[32,0,1,2,3],[33,1],[35,0,1,2,3,4,5,6,7,8,8],[36,0,1,2,3,4,2],[37,0,1,2,2],[104,0,1,2,3,4,5,6,7,8,9,1],[105,0,1,2,3,4,5,6,1],[107,0,1,2,3,4,5,6,7,8,9,4],[108,0,1,3],[109,0,1],[111,0,1],[112,0,1],[114,0,1],[38,0,2,2],[115,0,1,2,3,4,2],[116,0,1,2,3,1],[117,0,1,2,1],[118,0,1,2,3,4,3],[119,0,1,3]],[[[[17,".bin",3197917254,[{"primitives":[{"primitiveMode":7,"vertexBundelIndices":[0],"indexView":{"offset":17280,"length":2256,"count":564,"stride":4}}],"vertexBundles":[{"view":{"offset":0,"length":17280,"count":360,"stride":48},"attributes":[{"name":"a_position","format":32,"isNormalized":false},{"name":"a_normal","format":32,"isNormalized":false},{"name":"a_texCoord","format":21,"isNormalized":false},{"name":"a_tangent","format":44,"isNormalized":false}]}]},"minPosition",8,[1,-0.07499999552965164,-6.327444168618968e-8,-0.4000000059604645],"maxPosition",8,[1,0.07499999552965164,0.15000005066394806,0.3999999761581421]]],-1],0,0,[],[],[]],[[[11,"TriggerZone"],[106,"TriggerZone",[[133,-2,[2,"e9Gb9acMhGJpSAGxq+U52s"]],[134,true,-3,[2,"c92SBTh3FPioJBMOy0wfSG"],0]],[5,"fdOngQHGRJ5Lt5xiJFpskq",-1,0],[1,0,1,-6.303],[1,5,2,2]]],0,[0,0,1,0,1,1,0,1,1,0,4,1,3],[0],[12],[10]],[[[20,"matVFXPlayerUpgrade",[{"rasterizerState":{},"depthStencilState":{},"blendState":{"targets":[{}]}}],[{}],[[[{},"mainTexture",6,0]],11]]],0,0,[0,0],[17,9],[25,20]],[[[20,"matProps",[{"rasterizerState":{},"depthStencilState":{},"blendState":{"targets":[{}]}},{"rasterizerState":{},"depthStencilState":{},"blendState":{"targets":[{}]}},{"rasterizerState":{},"depthStencilState":{},"blendState":{"targets":[{}]}},{"rasterizerState":{},"depthStencilState":{},"blendState":{"targets":[{}]}}],[{"USE_BASE_COLOR_MAP":true},{"USE_BASE_COLOR_MAP":true,"BASE_COLOR_MAP_AS_SHADE_MAP_1":true,"BASE_COLOR_MAP_AS_SHADE_MAP_2":true},{},{}],[[{},[{},"mainColor",8,[4,4293190884],"shadeColor1",8,[4,4291743438],"shadeColor2",8,[4,4290164406],"specular",8,[4,8421504],"mainTexture",6,0,"emissiveMap",6,1],{},{}],0,11,0,0]]],0,0,[0,0,0],[17,13,9],[8,8,9]],[[[36,"Powerup upgrade 28",".wav",1.625],-1],0,0,[],[],[]],[[[36,"Win sound 6",".wav",2.138396],-1],0,0,[],[],[]],[[[17,".bin",3434579268,[{"primitives":[{"primitiveMode":7,"vertexBundelIndices":[0],"indexView":{"offset":1344,"length":144,"count":36,"stride":4}}],"vertexBundles":[{"view":{"offset":0,"length":1344,"count":24,"stride":56},"attributes":[{"name":"a_position","format":32,"isNormalized":false},{"name":"a_normal","format":32,"isNormalized":false},{"name":"a_texCoord","format":21,"isNormalized":false},{"name":"a_tangent","format":44,"isNormalized":false},{"name":"a_texCoord1","format":21,"isNormalized":false}]}]},"minPosition",8,[1,-0.5,-0.5,-0.5],"maxPosition",8,[1,0.5,0.5,0.5]]],-1],0,0,[],[],[]],[[[138,"matFlash","2",[{}],[{"rasterizerState":{},"depthStencilState":{},"blendState":{"targets":[{}]}}],[{"USE_INSTANCING":true}]]],0,0,[0],[9],[37]],[[{"name":"sprInfinity","rect":{"x":0,"y":0,"width":128,"height":128},"offset":{"x":0,"y":0},"originalSize":{"width":128,"height":128},"rotated":false,"capInsets":[0,0,0,0],"vertices":{"rawPosition":[-64,-64,0,64,-64,0,-64,64,0,64,64,0],"indexes":[0,1,2,2,1,3],"uv":[0,128,128,128,0,0,128,0],"nuv":[0,0,1,0,0,1,1,1],"minPos":{"x":-64,"y":-64,"z":0},"maxPos":{"x":64,"y":64,"z":0}},"packable":true,"pixelsToUnit":100,"pivot":{"x":0.5,"y":0.5},"meshType":0}],[4],0,[0],[14],[38]],[[[11,"ResourceUnit_Metal"],[32,"ResourceUnit_Metal",[[56,"Cube<ModelComponent>",1,-2,[2,"60DYWm29pOILNBhBjnbZEg"],[0],[13],1],[86,-3,[2,"a9z1nnvKlPA7bWUC8Jcz4V"]]],[5,"b7CZtOJqxPzKgD9jJPyfya",-1,0],[1,0,0.383,0]]],0,[0,0,1,0,1,1,0,1,1,0,4,1,3],[0,0],[-1,5],[5,39]],[[[141,"Skin-0",302371628,["Armature.001/Hips","Armature.001/Hips/UpperLeg_L","Armature.001/Hips/UpperLeg_L/LowerLeg_L","Armature.001/Hips/UpperLeg_L/LowerLeg_L/Foot_L","Armature.001/Hips/UpperLeg_R","Armature.001/Hips/UpperLeg_R/LowerLeg_R","Armature.001/Hips/UpperLeg_R/LowerLeg_R/Foot_R","Armature.001/Hips/Spine","Armature.001/Hips/Spine/Chest","Armature.001/Hips/Spine/Chest/Neck","Armature.001/Hips/Spine/Chest/Neck/Head","Armature.001/Hips/Spine/Chest/Shoulder_L","Armature.001/Hips/Spine/Chest/Shoulder_L/UpperArm_L","Armature.001/Hips/Spine/Chest/Shoulder_L/UpperArm_L/LowerArm_L","Armature.001/Hips/Spine/Chest/Shoulder_L/UpperArm_L/LowerArm_L/Hand_L","Armature.001/Hips/Spine/Chest/Shoulder_L/UpperArm_L/LowerArm_L/Hand_L/Fingers_L","Armature.001/Hips/Spine/Chest/Shoulder_L/UpperArm_L/LowerArm_L/Hand_L/Thumb_L","Armature.001/Hips/Spine/Chest/Shoulder_L/UpperArm_L/LowerArm_L/Hand_L/Weapon_L","Armature.001/Hips/Spine/Chest/Shoulder_R","Armature.001/Hips/Spine/Chest/Shoulder_R/UpperArm_R","Armature.001/Hips/Spine/Chest/Shoulder_R/UpperArm_R/LowerArm_R","Armature.001/Hips/Spine/Chest/Shoulder_R/UpperArm_R/LowerArm_R/Hand_R","Armature.001/Hips/Spine/Chest/Shoulder_R/UpperArm_R/LowerArm_R/Hand_R/Fingers_R","Armature.001/Hips/Spine/Chest/Shoulder_R/UpperArm_R/LowerArm_R/Hand_R/Thumb_R","Armature.001/Hips/Spine/Chest/Shoulder_R/UpperArm_R/LowerArm_R/Hand_R/Weapon_R"],[[[7,0.9999867081642151,-0.0029861703515052795,0.004234512336552143,0,-0.004319438710808754,-0.02903187833726406,0.9995689392089844,0,-0.002861947054043412,-0.9995740652084351,-0.029044385999441147,0,0.0005859319353476167,0.8602216839790344,0.02864479459822178,1],[7,-0.9927573800086975,0.11634768545627594,-0.029934866353869438,0,7.559799541922985e-7,-0.24916687607765198,-0.9684605598449707,0,-0.12013685703277588,-0.9614464640617371,0.2473621666431427,0,0.17703428864479065,0.7143702507019043,-0.1643853336572647,1],[7,-0.9927576184272766,0.11929567158222198,0.014169625006616116,0,0.000019765526303672232,0.11811046302318573,-0.9930002093315125,0,-0.12013419717550278,-0.9858085513114929,-0.11725742369890213,0,0.17703436315059662,0.4199846684932709,-0.013331471011042595,1],[7,-1.0000001192092896,-1.51805579662323e-7,-8.484348654747009e-7,0,4.0564739833826025e-7,-0.9514251351356506,-0.3078797459602356,0,-7.604841130159912e-7,-0.3078797459602356,0.9514252543449402,0,0.1678479015827179,0.006435713265091181,-0.08892279863357544,1],[7,-0.9927575588226318,-0.11634847521781921,0.02992893010377884,0,0.000005210987637838116,-0.249166801571846,-0.9684603214263916,0,0.12013612687587738,-0.9614465236663818,0.24736273288726807,0,-0.17333891987800598,0.7148045301437378,-0.16449780762195587,1],[7,-0.9927576780319214,-0.11929500102996826,-0.01418656948953867,0,-0.0000027289702302368823,0.11811046302318573,-0.9930002093315125,0,0.12013547867536545,-0.9858089089393616,-0.11725533753633499,0,-0.17333854734897614,0.42043063044548035,-0.013280968181788921,1],[7,-1.0000001192092896,-1.7136336794010276e-7,-3.450550423167442e-7,0,2.6927483531835605e-7,-0.9514250755310059,-0.30788010358810425,0,-2.755344894467271e-7,-0.3078800439834595,0.951425313949585,0,-0.164124995470047,0.0064367507584393024,-0.08892589807510376,1],[7,-0.9999933838844299,0.002924388973042369,0.002195906825363636,0,0.0022381292656064034,0.014514253474771976,0.9998918771743774,0,0.002892199205234647,0.9998906850814819,-0.014520696364343166,0,-0.0006195625755935907,-0.8605471253395081,0.01614941470324993,1],[7,-0.9999282360076904,-0.01177827175706625,0.002217375673353672,0,0.0020713373087346554,0.012396658770740032,0.9999207258224487,0,-0.011804820969700813,0.9998539090156555,-0.012371367774903774,0,0.01344640739262104,-0.9569035172462463,0.01409229077398777,1],[7,-0.999997615814209,-8.637719872695016e-8,0.0022169966250658035,0,0.002216995693743229,-2.5291477356859104e-8,0.9999971985816956,0,-8.632085268800438e-8,1.0000001192092896,2.5482906451657072e-8,0,2.3191383036191837e-8,-1.1390681266784668,4.5876385001974995e-7,1],[7,-1,-1.9744038581848145e-7,-3.5855919122695923e-7,0,-3.585589922749932e-7,-5.077130822428444e-7,0.9999997615814209,0,-1.9744048529446445e-7,1.000000238418579,5.077129117125878e-7,0,9.851402893445993e-8,-1.226763367652893,-1.5627536242845963e-7,1],[7,-0.39478591084480286,0.9061712026596069,0.15165171027183533,0,-1.5140962261739332e-7,0.16505880653858185,-0.986283540725708,0,-0.9187734127044678,-0.38937070965766907,-0.06516271829605103,0,1.0559524297714233,0.39778849482536316,0.04047997668385506,1],[7,-0.5740755200386047,0.7870806455612183,0.22570331394672394,0,0.013688342645764351,0.2848372161388397,-0.9584780335426331,0,-0.8186882734298706,-0.5471491813659668,-0.17429181933403015,0,0.9657558798789978,0.5197731256484985,0.1529112607240677,1],[7,-0.5448901057243347,0.8120834827423096,-0.20884382724761963,0,0.013689002022147179,-0.24041758477687836,-0.9705728888511658,0,-0.8383961319923401,-0.5317142009735107,0.11988450586795807,0,0.9758369326591492,0.2779197096824646,0.0027763121761381626,1],[7,-0.6637842655181885,0.747171938419342,-0.03354935348033905,0,-5.793521040686755e-7,-0.04485710710287094,-0.9989933967590332,0,-0.7479246854782104,-0.6631157398223877,0.02977585606276989,0,0.9625561833381653,0.16080529987812042,-0.013751133345067501,1],[7,-0.6637830138206482,0.7471728920936584,-0.03354949131608009,0,-5.273866463539889e-7,-0.04485718533396721,-0.9989933967590332,0,-0.7479256391525269,-0.6631144285202026,0.029775815084576607,0,0.9625563025474548,0.008908153511583805,-0.01375100389122963,1],[7,-0.8059013485908508,0.24977196753025055,-0.5367845892906189,0,0.24307690560817719,-0.6871245503425598,-0.6846703290939331,0,-0.5398491024971008,-0.6822565197944641,0.49304071068763733,0,0.881862461566925,0.3555913269519806,-0.13551285862922668,1],[7,-0.9325849413871765,-0.04485743120312691,-0.35815319418907166,0,0.04904628172516823,-0.9987930059432983,-0.0026149284094572067,0,-0.35760340094566345,-0.020004717633128166,0.933659553527832,0,0.799787700176239,0.037148188799619675,-0.47171422839164734,1],[7,-0.3947862386703491,-0.9061710238456726,-0.15165145695209503,0,-1.134753517817444e-7,0.1650586724281311,-0.9862833619117737,0,0.9187731742858887,-0.38937103748321533,-0.06516297161579132,0,-1.054255485534668,0.40167292952537537,0.04113040119409561,1],[7,-0.5740759372711182,-0.7870787382125854,-0.22570882737636566,0,-0.013677739538252354,0.28483694791793823,-0.9584781527519226,0,0.8186880350112915,-0.5471519827842712,-0.17428342998027802,0,-0.9632886648178101,0.523147702217102,0.15386813879013062,1],[7,-0.5448904633522034,-0.8120841979980469,0.20883791148662567,0,-0.013678346760571003,-0.24041743576526642,-0.9705727100372314,0,0.8383954167366028,-0.5317124724388123,0.11989320814609528,0,-0.9734976887702942,0.2813993990421295,0.0018715369515120983,1],[7,-0.6637847423553467,-0.7471712231636047,0.033549871295690536,0,-2.2125686882645823e-7,-0.04485714063048363,-0.9989931583404541,0,0.747923731803894,-0.6631165742874146,0.029775308445096016,0,-0.9597070813179016,0.16400954127311707,-0.013893204741179943,1],[7,-0.663783609867096,-0.7471719980239868,0.03354989364743233,0,-3.133993331516649e-8,-0.044857293367385864,-0.9989930391311646,0,0.7479243874549866,-0.6631155610084534,0.029775507748126984,0,-0.9597072005271912,0.012111217714846134,-0.013893299736082554,1],[7,-0.8059023022651672,-0.2497727870941162,0.5367822051048279,0,-0.24307692050933838,-0.6871213912963867,-0.6846733689308167,0,0.5398470759391785,-0.6822593212127686,0.4930386245250702,0,-0.8784035444259644,0.3566623330116272,-0.13781169056892395,1],[7,-0.9325854182243347,0.04485675320029259,0.3581508696079254,0,-0.049045562744140625,-0.9987927675247192,-0.0026150622870773077,0,0.3576010763645172,-0.020004477351903915,0.9336602091789246,0,-0.7997838258743286,0.037148553878068924,-0.47171324491500854,1]],8,8,8,8,8,8,8,8,8,8,8,8,8,8,8,8,8,8,8,8,8,8,8,8,8]]],0,0,[],[],[]],[[[17,".bin",184721282,[{"primitives":[{"primitiveMode":7,"jointMapIndex":0,"vertexBundelIndices":[0],"indexView":{"offset":176184,"length":34104,"count":8526,"stride":4}}],"vertexBundles":[{"view":{"offset":0,"length":176184,"count":2447,"stride":72},"attributes":[{"name":"a_position","format":32,"isNormalized":false},{"name":"a_normal","format":32,"isNormalized":false},{"name":"a_texCoord","format":21,"isNormalized":false},{"name":"a_tangent","format":44,"isNormalized":false},{"name":"a_joints","format":42,"isNormalized":false},{"name":"a_weights","format":44,"isNormalized":false}]}],"jointMaps":[[0,1,2,3,4,5,6,7,8,9,10,11,12,13,14,15,16,18,19,20,21,22,23]]},"minPosition",8,[1,-0.6787188053131104,-0.29184380173683167,-1.8530736056732167e-8],"maxPosition",8,[1,0.6787184476852417,0.4161021113395691,1.6706870794296265]]],-1],0,0,[],[],[]],[[{"name":"idleBreakerLogo2","rect":{"x":19,"y":31,"width":598,"height":418},"offset":{"x":-2,"y":0},"originalSize":{"width":640,"height":480},"rotated":false,"capInsets":[0,0,0,0],"vertices":{"rawPosition":[-299,-209,0,299,-209,0,-299,209,0,299,209,0],"indexes":[0,1,2,2,1,3],"uv":[19,449,617,449,19,31,617,31],"nuv":[0.0296875,0.06458333333333334,0.9640625,0.06458333333333334,0.0296875,0.9354166666666667,0.9640625,0.9354166666666667],"minPos":{"x":-299,"y":-209,"z":0},"maxPos":{"x":299,"y":209,"z":0}},"packable":true,"pixelsToUnit":100,"pivot":{"x":0.5,"y":0.5},"meshType":0}],[4],0,[0],[14],[40]],[[[20,"matGround_OneColor",[{"rasterizerState":{},"depthStencilState":{},"blendState":{"targets":[{}]}},{"rasterizerState":{},"depthStencilState":{},"blendState":{"targets":[{}]}},{"rasterizerState":{},"depthStencilState":{},"blendState":{"targets":[{}]}},{"rasterizerState":{},"depthStencilState":{},"blendState":{"targets":[{}]}}],[{},{"USE_BASE_COLOR_MAP":true,"BASE_COLOR_MAP_AS_SHADE_MAP_1":true,"BASE_COLOR_MAP_AS_SHADE_MAP_2":true},{},{}],[[{},[{},"tilingOffset",8,[2,0.5,0.5,0,0],"mainColor",8,[4,4293190884],"specular",8,[4,16777215],"mainTexture",6,0,"emissiveMap",6,1],{},{}],0,11,0,0]]],0,0,[0,0,0],[17,13,9],[41,8,9]],[[[11,"Level"],[82,"Level",512,[-124,-125,-126,-127,-128,-129],[-123],[46,"7bMlNUoTRPd4FNtTVg8bIl",-122,0,[[29,["winTriggerZone"],-119,-118,[1,["e9Gb9acMhGJpSAGxq+U52s"]]],[29,["resourceDropOff"],-121,-120,[1,["d9RjXud7dIL6SAHK5MuM1H"]]]],[-1,-2,-3,-4,-5,-6,-7,-8,-9,-10,-11,-12,-13,-14,-15,-16,-17,-18,-19,-20,-21,-22,-23,-24,-25,-26,-27,-28,-29,-30,-31,-32,-33,-34,-35,-36,-37,-38,-39,-40,-41,-42,-43,-44,-45,-46,-47,-48,-49,-50,-51,-52,-53,-54,-55,-56,-57,-58,-59,-60,-61,-62,-63,-64,-65,-66,-67,-68,-69,-70,-71,-72,-73,-74,-75,-76,-77,-78,-79,-80,-81,-82,-83,-84,-85,-86,-87,-88,-89,-90,-91,-92,-93,-94,-95,-96,-97,-98,-99,-100,-101,-102,-103,-104,-105,-106,-107,-108,-109,-110,-111,-112,-113,-114,-115,-116,-117]]],[43,"Tiles_Road",[-130,-131,-132,-133,-134,-135,-136,-137,-138,-139,-140,-141,-142,-143,-144,-145,-146,-147,-148,-149,-150,-151,-152,-153,-154,-155,-156,-157,-158,-159,-160,-161,-162,-163,-164,-165,-166],[5,"bcxdNM2b5Nbr4UP082Gz/6",1,0]],[43,"Trees",[-167,-168,-169,-170,-171,-172,-173,-174,-175,-176,-177,-178,-179,-180,-181,-182,-183,-184,-185,-186,-187,-188,-189,-190,-191,-192],[5,"0aHGMuIMBLKofCVuKZ6u9h",1,0]],[39,"Breakables",1,[-193,-194,-195,-196,-197,-198,-199,-200,-201,-202,-203,-204,-205,-206,-207,-208,-209,-210,-211],[5,"dfCEu/o0pB45uIHhYY3LhW",1,0]],[43,"Fences",[-212,-213,-214,-215,-216,-217,-218,-219,-220,-221,-222,-223,-224,-225,-226,-227,-228],[5,"a0oGBoxYZMy5RvcaoT6qRB",1,0]],[43,"Tiles_Grass",[-229,-230,-231,-232,-233,-234,-235,-236,-237,-238,-239,-240,-241,-242,-243],[5,"fa+U/TU3NO4rffzzAqd24i",1,0]],[3,0,{},1,[136,"fckI6+XFVOyKtq87J30efz",-250,[4,"eeqkh199RPi6ObgBQSoRQ+",1,[[8,"ResourceDropOff",["_name"],-246],[0,["_lpos"],-247,[1,-3.341,0,-4.517]],[0,["_lrot"],-248,[3,0,0,0,1]],[0,["_euler"],-249,[1,0,0,0]]]],[[57,["resourceDropOffTriggerZone"],-244,[1,["e9Gb9acMhGJpSAGxq+U52s"]]],[57,["resourceDropOffTriggerZone"],-245,[1,["e9Gb9acMhGJpSAGxq+U52s"]]]],4]],[1,["fdOngQHGRJ5Lt5xiJFpskq"]],[39,"Props",1,[3,5,2,6],[5,"d8G7PvuDBO6b9AKvieh973",1,0]],[1,["52TLzwtftFra5m/XwSaA+s"]],[1,["52TLzwtftFra5m/XwSaA+s"]],[1,["52TLzwtftFra5m/XwSaA+s"]],[1,["52TLzwtftFra5m/XwSaA+s"]],[1,["52TLzwtftFra5m/XwSaA+s"]],[1,["52TLzwtftFra5m/XwSaA+s"]],[1,["52TLzwtftFra5m/XwSaA+s"]],[1,["52TLzwtftFra5m/XwSaA+s"]],[1,["52TLzwtftFra5m/XwSaA+s"]],[1,["52TLzwtftFra5m/XwSaA+s"]],[1,["52TLzwtftFra5m/XwSaA+s"]],[1,["07I5sRgfNKGZPaRDVbkh6q"]],[1,["07I5sRgfNKGZPaRDVbkh6q"]],[1,["07I5sRgfNKGZPaRDVbkh6q"]],[1,["07I5sRgfNKGZPaRDVbkh6q"]],[1,["07I5sRgfNKGZPaRDVbkh6q"]],[1,["07I5sRgfNKGZPaRDVbkh6q"]],[1,["07I5sRgfNKGZPaRDVbkh6q"]],[1,["a98fuobNBAb7bCE286HpBV"]],[1,["a98fuobNBAb7bCE286HpBV"]],[1,["a98fuobNBAb7bCE286HpBV"]],[1,["a98fuobNBAb7bCE286HpBV"]],[1,["a98fuobNBAb7bCE286HpBV"]],[1,["a98fuobNBAb7bCE286HpBV"]],[1,["a98fuobNBAb7bCE286HpBV"]],[1,["a98fuobNBAb7bCE286HpBV"]],[1,["a98fuobNBAb7bCE286HpBV"]],[1,["a98fuobNBAb7bCE286HpBV"]],[1,["a98fuobNBAb7bCE286HpBV"]],[1,["a98fuobNBAb7bCE286HpBV"]],[1,["a98fuobNBAb7bCE286HpBV"]],[1,["a98fuobNBAb7bCE286HpBV"]],[1,["a98fuobNBAb7bCE286HpBV"]],[1,["a98fuobNBAb7bCE286HpBV"]],[1,["3b8PxufUtEAKLCxg3klVq4"]],[1,["3b8PxufUtEAKLCxg3klVq4"]],[1,["3b8PxufUtEAKLCxg3klVq4"]],[1,["3b8PxufUtEAKLCxg3klVq4"]],[1,["3b8PxufUtEAKLCxg3klVq4"]],[1,["3b8PxufUtEAKLCxg3klVq4"]],[1,["3b8PxufUtEAKLCxg3klVq4"]],[1,["3b8PxufUtEAKLCxg3klVq4"]],[1,["3b8PxufUtEAKLCxg3klVq4"]],[1,["3b8PxufUtEAKLCxg3klVq4"]],[1,["3b8PxufUtEAKLCxg3klVq4"]],[1,["3b8PxufUtEAKLCxg3klVq4"]],[1,["3b8PxufUtEAKLCxg3klVq4"]],[1,["3b8PxufUtEAKLCxg3klVq4"]],[1,["3b8PxufUtEAKLCxg3klVq4"]],[3,0,{},1,[7,"fdOngQHGRJ5Lt5xiJFpskq",-255,[4,"76QDcn5XhOBb20KR5eU7U/",1,[[8,"TriggerZone_Win",["_name"],-251],[0,["_lpos"],-252,[1,0,1,-9]],[0,["_lrot"],-253,[3,0,0,0,1]],[0,["_euler"],-254,[1,0,0,0]]]],3]],[1,["fdOngQHGRJ5Lt5xiJFpskq"]],[1,["fckI6+XFVOyKtq87J30efz"]],[1,["b3Hw2slq5MorIQvUEvY3gh"]],[1,["52TLzwtftFra5m/XwSaA+s"]],[1,["52TLzwtftFra5m/XwSaA+s"]],[1,["52TLzwtftFra5m/XwSaA+s"]],[1,["52TLzwtftFra5m/XwSaA+s"]],[1,["52TLzwtftFra5m/XwSaA+s"]],[1,["52TLzwtftFra5m/XwSaA+s"]],[1,["52TLzwtftFra5m/XwSaA+s"]],[1,["52TLzwtftFra5m/XwSaA+s"]],[1,["a98fuobNBAb7bCE286HpBV"]],[1,["a98fuobNBAb7bCE286HpBV"]],[1,["a98fuobNBAb7bCE286HpBV"]],[1,["a98fuobNBAb7bCE286HpBV"]],[1,["a98fuobNBAb7bCE286HpBV"]],[1,["a98fuobNBAb7bCE286HpBV"]],[1,["a98fuobNBAb7bCE286HpBV"]],[1,["a98fuobNBAb7bCE286HpBV"]],[1,["a98fuobNBAb7bCE286HpBV"]],[1,["a98fuobNBAb7bCE286HpBV"]],[1,["a98fuobNBAb7bCE286HpBV"]],[1,["a98fuobNBAb7bCE286HpBV"]],[1,["a98fuobNBAb7bCE286HpBV"]],[1,["a98fuobNBAb7bCE286HpBV"]],[1,["a98fuobNBAb7bCE286HpBV"]],[1,["a98fuobNBAb7bCE286HpBV"]],[1,["a98fuobNBAb7bCE286HpBV"]],[1,["a98fuobNBAb7bCE286HpBV"]],[1,["a98fuobNBAb7bCE286HpBV"]],[1,["a98fuobNBAb7bCE286HpBV"]],[1,["a98fuobNBAb7bCE286HpBV"]],[1,["b3Hw2slq5MorIQvUEvY3gh"]],[1,["b3Hw2slq5MorIQvUEvY3gh"]],[1,["b3Hw2slq5MorIQvUEvY3gh"]],[1,["b3Hw2slq5MorIQvUEvY3gh"]],[1,["b3Hw2slq5MorIQvUEvY3gh"]],[1,["b3Hw2slq5MorIQvUEvY3gh"]],[1,["b3Hw2slq5MorIQvUEvY3gh"]],[44,"Ground",1,[[56,"Cube<ModelComponent>",1,-256,[2,"42NEyVhN5IPoia4Et8w/jo"],[0],[13],1],[135,false,-257,[2,"1a/weqcaFLO7qb1N2/CtAa"],2]],[5,"b9RvbnR7JLC4gZJnBPt3cA",1,0],[1,0,-0.5,-8],[1,60,1,60]],[3,0,{},7,[7,"fdOngQHGRJ5Lt5xiJFpskq",-258,[4,"400G6LK0pAiJo19YUXqyyV",7,[[8,"TriggerZone_ResourceDropOff",["_name"],8],[0,["_lpos"],8,[1,0,1,0]],[0,["_lrot"],8,[3,0,0,0,1]],[0,["_euler"],8,[1,0,0,0]],[0,["_lscale"],8,[1,2,2,2]],[6,["_size"],[1,["c92SBTh3FPioJBMOy0wfSG"]],[1,0.75,1,1]]]],5]],[3,0,{},1,[14,"b3Hw2slq5MorIQvUEvY3gh",[],-259,[4,"e4vVWHrZlN6qb79hDeV0EH",1,[[8,"Gates",["_name"],62],[0,["_lpos"],62,[1,0,0,-6]],[0,["_lrot"],62,[3,0,0,0,1]],[0,["_euler"],62,[1,0,0,0]]]],6]],[3,0,{},3,[7,"52TLzwtftFra5m/XwSaA+s",-260,[4,"e7tUZ1iStBYKhic2fJzDpW",1,[[12,"Tree",["_name"],[1,["52TLzwtftFra5m/XwSaA+s"]]],[6,["_lpos"],[1,["52TLzwtftFra5m/XwSaA+s"]],[1,-9.228,0,-1.11]],[6,["_lrot"],[1,["52TLzwtftFra5m/XwSaA+s"]],[3,0,0,0,1]],[6,["_euler"],[1,["52TLzwtftFra5m/XwSaA+s"]],[1,0,0,0]]]],7]],[3,0,{},3,[7,"52TLzwtftFra5m/XwSaA+s",-261,[4,"b5+w4C5j9EK4Mgtzg+S5rF",1,[[8,"Tree-001",["_name"],63],[0,["_lpos"],63,[1,-2.866,0,-7.436]],[0,["_lrot"],63,[3,0,0,0,1]],[0,["_euler"],63,[1,0,0,0]]]],8]],[3,0,{},3,[7,"52TLzwtftFra5m/XwSaA+s",-262,[4,"abvFL3dlBEpLPC3LSPimI4",1,[[12,"Tree-002",["_name"],[1,["52TLzwtftFra5m/XwSaA+s"]]],[6,["_lpos"],[1,["52TLzwtftFra5m/XwSaA+s"]],[1,-9.037,0,-4.205]],[6,["_lrot"],[1,["52TLzwtftFra5m/XwSaA+s"]],[3,0,0,0,1]],[6,["_euler"],[1,["52TLzwtftFra5m/XwSaA+s"]],[1,0,0,0]],[6,["_lscale"],[1,["52TLzwtftFra5m/XwSaA+s"]],[1,0.75,0.75,0.75]]]],9]],[3,0,{},3,[7,"52TLzwtftFra5m/XwSaA+s",-263,[4,"09ZXIYtm5IMqvbYvHNlwnu",1,[[12,"Tree-003",["_name"],[1,["52TLzwtftFra5m/XwSaA+s"]]],[6,["_lpos"],[1,["52TLzwtftFra5m/XwSaA+s"]],[1,-6.131,0,-7.427]],[6,["_lrot"],[1,["52TLzwtftFra5m/XwSaA+s"]],[3,0,0,0,1]],[6,["_euler"],[1,["52TLzwtftFra5m/XwSaA+s"]],[1,0,0,0]],[6,["_lscale"],[1,["52TLzwtftFra5m/XwSaA+s"]],[1,1.25,1.25,1.25]]]],10]],[3,0,{},3,[7,"52TLzwtftFra5m/XwSaA+s",-264,[4,"51PAhrM+9FqYWm4BC/1Qi9",1,[[12,"Tree-004",["_name"],[1,["52TLzwtftFra5m/XwSaA+s"]]],[6,["_lpos"],[1,["52TLzwtftFra5m/XwSaA+s"]],[1,-9.415,0,2.023]],[6,["_lrot"],[1,["52TLzwtftFra5m/XwSaA+s"]],[3,0,0,0,1]],[6,["_euler"],[1,["52TLzwtftFra5m/XwSaA+s"]],[1,0,0,0]],[6,["_lscale"],[1,["52TLzwtftFra5m/XwSaA+s"]],[1,1.25,1.25,1.25]]]],11]],[3,0,{},3,[7,"52TLzwtftFra5m/XwSaA+s",-265,[4,"7eR1V158VK9o+gYi4ZLJJb",1,[[8,"Tree-005",["_name"],64],[0,["_lpos"],64,[1,-3.74,0,8.141]],[0,["_lrot"],64,[3,0,0,0,1]],[0,["_euler"],64,[1,0,0,0]]]],12]],[3,0,{},3,[7,"52TLzwtftFra5m/XwSaA+s",-266,[4,"35KZ1HgNhLOaNrhly+aDBS",1,[[12,"Tree-006",["_name"],[1,["52TLzwtftFra5m/XwSaA+s"]]],[6,["_lpos"],[1,["52TLzwtftFra5m/XwSaA+s"]],[1,-8.973,0,5.043]],[6,["_lrot"],[1,["52TLzwtftFra5m/XwSaA+s"]],[3,0,0,0,1]],[6,["_euler"],[1,["52TLzwtftFra5m/XwSaA+s"]],[1,0,0,0]],[6,["_lscale"],[1,["52TLzwtftFra5m/XwSaA+s"]],[1,0.75,0.75,0.75]]]],13]],[3,0,{},3,[7,"52TLzwtftFra5m/XwSaA+s",-267,[4,"abyE/xLbFLpoBCwS7LOFJ8",1,[[8,"Tree-007",["_name"],10],[0,["_lpos"],10,[1,-1.169,0,8.086]],[0,["_lrot"],10,[3,0,0,0,1]],[0,["_euler"],10,[1,0,0,0]],[0,["_lscale"],10,[1,0.75,0.75,0.75]]]],14]],[3,0,{},3,[7,"52TLzwtftFra5m/XwSaA+s",-268,[4,"55Q5Fst1dL0IEAajb9MkdR",1,[[8,"Tree-008",["_name"],65],[0,["_lpos"],65,[1,1.398,0,8.537]],[0,["_lrot"],65,[3,0,0,0,1]],[0,["_euler"],65,[1,0,0,0]]]],15]],[3,0,{},3,[7,"52TLzwtftFra5m/XwSaA+s",-269,[4,"646vPmBddKMotd0/eypf1T",1,[[8,"Tree-009",["_name"],11],[0,["_lpos"],11,[1,3.945,0,8.528]],[0,["_lrot"],11,[3,0,0,0,1]],[0,["_euler"],11,[1,0,0,0]],[0,["_lscale"],11,[1,0.75,0.75,0.75]]]],16]],[3,0,{},3,[7,"52TLzwtftFra5m/XwSaA+s",-270,[4,"97/0ehJGtLrrPoUDEqNU7i",1,[[8,"Tree-010",["_name"],66],[0,["_lpos"],66,[1,6.705,0,8.351]],[0,["_lrot"],66,[3,0,0,0,1]],[0,["_euler"],66,[1,0,0,0]]]],17]],[3,0,{},3,[7,"52TLzwtftFra5m/XwSaA+s",-271,[4,"3385a416BAHZ3/GW0Qhnes",1,[[8,"Tree-011",["_name"],12],[0,["_lpos"],12